
Handles  NPM(K)    PM(K)      WS(K)     CPU(s)     Id  SI ProcessName                                                                                      
-------  ------    -----      -----     ------     --  -- -----------                                                                                      
    721      31    26476      77196       0,63  19208  25 ShellExperienceHost                                                                              
    881      31    42668      62676              3692   0 svchost                                                                                          
   1120      49    69296      61372       4,58  15648  25 StartMenuExperienceHost                                                                          
   1036      47    56720      46400       3,63  13256  25 SearchHost                                                                                       
    421      21    37684      42936              3752   0 svchost                                                                                          
   1432      41    31824      37352              1252   0 svchost                                                                                          
   2866      23    20164      33824             10512   0 svchost                                                                                          
    912      37    51776      33564       4,42   9596  25 TextInputHost                                                                                    
    413      20     5464      30716       0,27  11124  25 backgroundTaskHost                                                                               
    367      12    53188      30676              3212   0 svchost                                                                                          
    432      20     5336      30020       0,30   8960  25 backgroundTaskHost                                                                               
    429      23   195904      28380       1,84  17444  25 ShellHost                                                                                        
    518      18    22348      26916              4260   0 svchost                                                                                          
    455      18    11188      26900       4,22   6816  25 svchost                                                                                          
    676      20    12836      26764             10308   0 svchost                                                                                          
    521      24     9136      25400       2,91   4228  25 svchost                                                                                          
    272      15     4396      25128       0,22  13516  25 backgroundTaskHost                                                                               
    256      14     8988      24872       0,19  10260  25 backgroundTaskHost                                                                               
    256      16     7692      24120             11796   0 svchost                                                                                          
    263      19    19512      23884             10244   0 svchost                                                                                          
    818      26     9280      22592       8,48  13432  25 sihost                                                                                           
    376      17     8868      22308              6832   0 svchost                                                                                          
    228      13     3848      22248       0,16  15272  25 backgroundTaskHost                                                                               
    499      21     9716      20792       8,36   6244  25 svchost                                                                                          
   1666      23    15836      19508              1376   0 svchost                                                                                          
    224      12     3528      18544       0,11  18032  25 backgroundTaskHost                                                                               
    497      22     9152      17392              1088   0 svchost                                                                                          
    267      15     3344      17088             18768   0 svchost                                                                                          
    525      21     8928      17036              8316   0 svchost                                                                                          
    185      11     4260      15568             14244   0 svchost                                                                                          
    474      24     5812      14920              3700   0 svchost                                                                                          
    664      39    13504      14804              3036   0 svchost                                                                                          
    616      30     9408      14784              3188   0 svchost                                                                                          
    512      15    19140      14680              2376   0 svchost                                                                                          
   1155      24    10788      14376               488   0 svchost                                                                                          
    499      22     6256      14208              4300   0 svchost                                                                                          
    591      36    14984      12524              3396   0 svchost                                                                                          
    427      22     5884      11436              8064   0 svchost                                                                                          
    341      16     4044      11280             10392   0 svchost                                                                                          
    378      20     7520      11036              1908   0 svchost                                                                                          
    277      35     7376      10920       1,02  17188  25 taskhostw                                                                                        
    401      23    39992      10908       0,33   2976  25 ApplicationFrameHost                                                                             
    427      15     4108      10584              3044   0 svchost                                                                                          
    373      17     4204      10524              3232   0 svchost                                                                                          
    177       9     1892       9988             16004   0 svchost                                                                                          
    299      14     7548       9532              5544   0 svchost                                                                                          
    175      10     2412       9512       0,14   4900  25 svchost                                                                                          
    273      15     3940       9248              9764   0 svchost                                                                                          
    409      24     5220       8968       1,39   4128  25 svchost                                                                                          
    299      17     5788       8848       0,42  14504  25 taskhostw                                                                                        
    384      18    10132       8644              5980   0 WUDFHost                                                                                         
    663      14     4364       8576              2124   0 svchost                                                                                          
    162      30     8056       7780              1568   0 svchost                                                                                          
    255      14     5616       7728              8648   0 AggregatorHost                                                                                   
    251      14     3552       7556              2596   0 svchost                                                                                          
    401      22     3252       7468              3808   0 svchost                                                                                          
    894      18     4288       6740              1780   0 svchost                                                                                          
    519      17     3628       6336              2204   0 svchost                                                                                          
    269      15     3864       6240       0,17  18968  25 svchost                                                                                          
    198      13     2304       6216              2840   0 svchost                                                                                          
    213      12     2748       6148              2016   0 svchost                                                                                          
    242      16     2904       6096              9516   0 svchost                                                                                          
    527      11     2908       6028              1752   0 svchost                                                                                          
    217      12     3276       5956             11788   0 svchost                                                                                          
    114      10     1544       5348       0,13  18688  25 conhost                                                                                          
    377      14     3524       5332             10772   0 svchost                                                                                          
    259      16     3448       5296              3940   0 svchost                                                                                          
    189      11     2532       5228       0,16  10152  25 dllhost                                                                                          
    193      11     2248       5160              2580   0 svchost                                                                                          
    546      25     3976       5092             15664   0 svchost                                                                                          
    648      15     3832       5012              1436   0 svchost                                                                                          
    258      12     2784       4992              1676   0 svchost                                                                                          
    343      13     3372       4844              4268   0 svchost                                                                                          
    110      10     1428       4840       0,03  10640  25 conhost                                                                                          
    248      15     3912       4756              4380   0 svchost                                                                                          
    110      10     1428       4720       0,06  14140  25 conhost                                                                                          
    193      11     2296       4704              1180   0 svchost                                                                                          
     43      11     4288       4676              9920  25 fontdrvhost                                                                                      
    313      23     3224       4640             11588   0 svchost                                                                                          
    186      10     2192       4620              4340   0 svchost                                                                                          
    153      10     1964       4560       0,06   4932  25 svchost                                                                                          
    263      14     3380       4552              1744   0 svchost                                                                                          
    127      10     1916       4548              2448   0 svchost                                                                                          
    120       8     1344       4508              5268   0 svchost                                                                                          
    110      10     1424       4492       0,03  18092  25 conhost                                                                                          
    122       9     2572       4352              5636   0 svchost                                                                                          
    107      10     1364       4336       0,00  17204  25 conhost                                                                                          
    107      10     1368       4332       0,02   8324  25 conhost                                                                                          
    139       9     1508       4288       0,05   2788  25 conhost                                                                                          
    209      13     2584       4280              2908   0 svchost                                                                                          
    226      12     2744       3800              3084   0 svchost                                                                                          
    118      11     1800       3744       0,09  11752  25 conhost                                                                                          
     99       9     1184       3744       0,02  10424  25 conhost                                                                                          
    275      12     2924       3652              5308   0 svchost                                                                                          
    144       9     2232       3592       0,14   8364  25 svchost                                                                                          
    131       8     1756       3508              2308   0 svchost                                                                                          
    220      11     2288       3476              2900   0 svchost                                                                                          
    193      12     2260       3420              3444   0 svchost                                                                                          
    280      15     2880       3388              3796   0 svchost                                                                                          
    200      16     7144       3284             14152   0 svchost                                                                                          
    163      11     1980       3256              3908   0 svchost                                                                                          
    111       8     1464       3212             13332   0 svchost                                                                                          
    206      11     2132       3208              2072   0 svchost                                                                                          
    190      10     2044       3016              3684   0 svchost                                                                                          
    289      10     3068       3012              3576   0 WUDFHost                                                                                         
    167      12     2944       2968             15760   0 dllhost                                                                                          
    188       8     1876       2804              2160   0 svchost                                                                                          
    214      13     2564       2780             15236   0 svchost                                                                                          
    181      11     2252       2776             11984   0 svchost                                                                                          
    240      13     2960       2744             11972   0 svchost                                                                                          
    152      11     2112       2440              9860   0 svchost                                                                                          
    171      11     2200       2252              4328   0 svchost                                                                                          
    135       9     2004       2248              5588   0 svchost                                                                                          
    141       8     1616       2092              4196   0 svchost                                                                                          
    280       8     1568       2080              2572   0 svchost                                                                                          
    157      42     1908       2028              8800   0 svchost                                                                                          
    225       9     1696       1892              4468   0 WUDFHost                                                                                         
    126       9     1704       1848             18980   0 svchost                                                                                          
    149      11     1728        912              6660   0 conhost                                                                                          
     43       8     1980        796              1284   0 fontdrvhost                                                                                      



Handles  NPM(K)    PM(K)      WS(K)     CPU(s)     Id  SI ProcessName                                                                                      
-------  ------    -----      -----     ------     --  -- -----------                                                                                      
    721      31    26476      77196       0,63  19208  25 ShellExperienceHost                                                                              
    868      30    42620      63024              3692   0 svchost                                                                                          
   1124      49    69344      61416       4,58  15648  25 StartMenuExperienceHost                                                                          
   1038      48    56820      46460       3,63  13256  25 SearchHost                                                                                       
    421      21    38036      43300              3752   0 svchost                                                                                          
   1317      33    29732      36424              1252   0 svchost                                                                                          
   2863      22    20088      33764             10512   0 svchost                                                                                          
    915      37    51832      33600       4,42   9596  25 TextInputHost                                                                                    
    359      11    53124      30664              3212   0 svchost                                                                                          
    431      24   195936      28412       1,84  17444  25 ShellHost                                                                                        
    264      19    23636      28024             10244   0 svchost                                                                                          
    455      18    11252      26924       4,22   6816  25 svchost                                                                                          
    676      20    12836      26768             10308   0 svchost                                                                                          
    505      19    21580      26108              4260   0 svchost                                                                                          
    542      25     9372      25532       2,95   4228  25 svchost                                                                                          
    790      25     8904      22304       8,48  13432  25 sihost                                                                                           
    353      16     8472      22036              6832   0 svchost                                                                                          
    499      21     9564      20652       8,38   6244  25 svchost                                                                                          
    367      14     2656      19032              9932   0 SearchProtocolHost                                                                               
   1579      22    15172      19004              1376   0 svchost                                                                                          
    480      20     8724      17140              1088   0 svchost                                                                                          
    259      14     3168      17000             18768   0 svchost                                                                                          
    515      20     8632      16844              8316   0 svchost                                                                                          
    181      11     4192      15468             14244   0 svchost                                                                                          
    662      39    13488      14808              3036   0 svchost                                                                                          
    612      29     9280      14740              3188   0 svchost                                                                                          
    454      30     5856      14740              3700   0 svchost                                                                                          
    512      14    19028      14680              2376   0 svchost                                                                                          
   1152      24    10728      14344               488   0 svchost                                                                                          
    499      22     6252      14208              4300   0 svchost                                                                                          
    206      11     2660      12684             15096   0 SearchFilterHost                                                                                 
    588      36    14980      12516              3396   0 svchost                                                                                          
    343      17     4200      11348             10392   0 svchost                                                                                          
    425      22     5720      11340              8064   0 svchost                                                                                          
    377      20     7516      11024              1908   0 svchost                                                                                          
    401      23    39992      10912       0,33   2976  25 ApplicationFrameHost                                                                             
    273      35     7324      10908       1,02  17188  25 taskhostw                                                                                        
    424      15     4112      10580              3044   0 svchost                                                                                          
    373      17     4204      10528              3232   0 svchost                                                                                          
    177       9     1892       9992             16004   0 svchost                                                                                          
    299      14     7520       9556              5544   0 svchost                                                                                          
    175      10     2408       9516       0,14   4900  25 svchost                                                                                          
    273      15     3940       9248              9764   0 svchost                                                                                          
    409      24     5216       8964       1,39   4128  25 svchost                                                                                          
    299      17     5840       8868       0,42  14504  25 taskhostw                                                                                        
    384      18    10132       8644              5980   0 WUDFHost                                                                                         
    657      13     4160       8488              2124   0 svchost                                                                                          
    255      14     5632       7788              8648   0 AggregatorHost                                                                                   
    158      29     7880       7648              1568   0 svchost                                                                                          
    251      14     3640       7580              2596   0 svchost                                                                                          
    401      22     3252       7472              3808   0 svchost                                                                                          
    893      18     4212       6664              1780   0 svchost                                                                                          
    517      16     3556       6308              2204   0 svchost                                                                                          
    216      12     2904       6264              2016   0 svchost                                                                                          
    269      15     3860       6232       0,17  18968  25 svchost                                                                                          
    198      13     2304       6216              2840   0 svchost                                                                                          
    242      16     2976       6124              9516   0 svchost                                                                                          
    523      11     2740       6004              1752   0 svchost                                                                                          
    217      12     3352       5988             11788   0 svchost                                                                                          
    114      10     1544       5348       0,13  18688  25 conhost                                                                                          
    377      14     3528       5336             10772   0 svchost                                                                                          
    259      16     3448       5296              3940   0 svchost                                                                                          
    189      11     2532       5228       0,16  10152  25 dllhost                                                                                          
    193      11     2316       5184              2580   0 svchost                                                                                          
    548      25     4096       5144             15664   0 svchost                                                                                          
    642      15     3832       5012              1436   0 svchost                                                                                          
    252      12     2668       4956              1676   0 svchost                                                                                          
    343      13     3444       4868              4268   0 svchost                                                                                          
    110      10     1428       4840       0,03  10640  25 conhost                                                                                          
    248      15     3912       4752              4380   0 svchost                                                                                          
    110      10     1428       4720       0,06  14140  25 conhost                                                                                          
     43      11     4288       4676              9920  25 fontdrvhost                                                                                      
    127       9     1984       4668              2448   0 svchost                                                                                          
    188      11     2244       4652              1180   0 svchost                                                                                          
    313      23     3220       4636             11588   0 svchost                                                                                          
    186      10     2192       4620              4340   0 svchost                                                                                          
    153      10     1964       4560       0,06   4932  25 svchost                                                                                          
    263      14     3380       4556              1744   0 svchost                                                                                          
    120       8     1344       4508              5268   0 svchost                                                                                          
    110      10     1424       4492       0,03  18092  25 conhost                                                                                          
    209      13     2716       4340              2908   0 svchost                                                                                          
    107      10     1364       4336       0,00  17204  25 conhost                                                                                          
    107      10     1368       4332       0,02   8324  25 conhost                                                                                          
    120       9     2432       4292              5636   0 svchost                                                                                          
    139       9     1508       4288       0,05   2788  25 conhost                                                                                          
    224      12     2532       3756              3084   0 svchost                                                                                          
     99       9     1184       3744       0,02  10424  25 conhost                                                                                          
    118      11     1800       3744       0,09  11752  25 conhost                                                                                          
    275      12     2924       3652              5308   0 svchost                                                                                          
    144       9     2232       3592       0,14   8364  25 svchost                                                                                          
    133       9     1908       3580              2308   0 svchost                                                                                          
    220      12     2356       3500              2900   0 svchost                                                                                          
    193      12     2268       3428              3444   0 svchost                                                                                          
    280      15     2948       3416              3796   0 svchost                                                                                          
    115       9     1636       3316             13332   0 svchost                                                                                          
    163      11     2048       3280              3908   0 svchost                                                                                          
    200      16     7068       3256             14152   0 svchost                                                                                          
    206      11     2200       3232              2072   0 svchost                                                                                          
    190      10     2108       3040              3684   0 svchost                                                                                          
    289      10     3068       3012              3576   0 WUDFHost                                                                                         
    167      12     2944       2968             15760   0 dllhost                                                                                          
    188       8     1948       2832              2160   0 svchost                                                                                          
    181      11     2248       2768             11984   0 svchost                                                                                          
    214      13     2500       2760             15236   0 svchost                                                                                          
    240      13     2960       2748             11972   0 svchost                                                                                          
    152      10     2048       2428              9860   0 svchost                                                                                          
    135       9     2076       2268              5588   0 svchost                                                                                          
    171      11     2128       2228              4328   0 svchost                                                                                          
    141       8     1620       2100              4196   0 svchost                                                                                          
    270       8     1560       2072              2572   0 svchost                                                                                          
    157      42     1908       2028              8800   0 svchost                                                                                          
    225       9     1696       1892              4468   0 WUDFHost                                                                                         
    126       9     1708       1852             18980   0 svchost                                                                                          
    149      11     1728        912              6660   0 conhost                                                                                          
     43       8     1980        796              1284   0 fontdrvhost                                                                                      
